star 5 0 749197 32 749197 26 17 0.00 0.00
star 5 1 2.76042e+06 32 2.76042e+06 25 16 0.00 0.00
star 5 2 2.46811e+06 32 2.46811e+06 32 20 0.00 0.00
star 5 3 9.38218e+06 32 9.38218e+06 32 20 0.00 0.00
star 5 4 753430 32 753430 31 19 0.00 0.00
star 5 5 1.91951e+06 32 1.91951e+06 32 20 0.00 0.00
star 5 6 6.83632e+06 32 6.83632e+06 28 19 0.00 0.00
star 5 7 5.04015e+06 32 5.04015e+06 27 18 0.00 0.00
star 5 8 1.90066e+06 32 1.90066e+06 28 18 0.00 0.00
star 5 9 3.61554e+06 32 3.61554e+06 28 19 0.00 0.00
star 6 0 4.29675e+06 80 4.29675e+06 54 27 0.00 0.00
star 6 1 9.7595e+06 80 9.7595e+06 61 30 0.00 0.00
star 6 2 2.81822e+06 80 2.81822e+06 80 37 0.00 0.00
star 6 3 2.28692e+06 80 2.28692e+06 66 32 0.00 0.00
star 6 4 4.10595e+06 80 4.10595e+06 71 35 0.00 0.00
star 6 5 7.26084e+06 80 7.26084e+06 57 30 0.00 0.00
star 6 6 2.25528e+06 80 2.25528e+06 60 31 0.00 0.00
star 6 7 1.68168e+06 80 1.68168e+06 59 30 0.00 0.00
star 6 8 1.14087e+06 80 1.14087e+06 58 31 0.00 0.00
star 6 9 2.15249e+06 80 2.15249e+06 74 36 0.00 0.00
star 7 0 4.62977e+06 192 4.62977e+06 144 60 0.00 0.00
star 7 1 565813 192 565813 170 64 0.00 0.00
star 7 2 4.5353e+06 192 4.5353e+06 135 57 0.00 0.00
star 7 3 5.88756e+06 192 5.88756e+06 149 63 0.00 0.00
star 7 4 2.03076e+06 192 2.03076e+06 143 58 0.00 0.00
star 7 5 2.91928e+06 192 2.91928e+06 143 61 0.00 0.00
star 7 6 5.78534e+07 192 5.78534e+07 151 59 0.00 0.00
star 7 7 3.01355e+06 192 3.01355e+06 169 68 0.00 0.00
star 7 8 2.88421e+06 192 2.88421e+06 163 67 0.00 0.00
star 7 9 1.42741e+06 192 1.42741e+06 130 50 0.00 0.00
star 8 0 783262 448 783262 302 118 0.01 0.01
star 8 1 6.16068e+06 448 6.16068e+06 383 127 0.00 0.01
star 8 2 2.50188e+07 448 2.50188e+07 448 135 0.00 0.01
star 8 3 6.53211e+06 448 6.53211e+06 332 116 0.00 0.01
star 8 4 4.60359e+06 448 4.60359e+06 247 85 0.00 0.00
star 8 5 2.80459e+06 448 2.80459e+06 282 106 0.00 0.01
star 8 6 9.27147e+06 448 9.27147e+06 344 120 0.00 0.01
star 8 7 4.09946e+06 448 4.09946e+06 354 125 0.00 0.01
star 8 8 4.70983e+06 448 4.70983e+06 314 116 0.00 0.01
star 8 9 6.45282e+06 448 6.45282e+06 276 110 0.00 0.00
star 9 0 5.37185e+06 1024 5.37185e+06 647 204 0.01 0.02
star 9 1 4.5184e+06 1024 4.5184e+06 717 230 0.01 0.02
star 9 2 935500 1024 935500 750 230 0.01 0.02
star 9 3 4.72715e+06 1024 4.72715e+06 876 245 0.01 0.03
star 9 4 6.94047e+06 1024 6.94047e+06 574 177 0.01 0.02
star 9 5 7.64768e+06 1024 7.64768e+06 594 182 0.01 0.02
star 9 6 7.342e+06 1024 7.342e+06 740 214 0.01 0.02
star 9 7 3.12639e+06 1024 3.12639e+06 697 212 0.01 0.02
star 9 8 4.53565e+06 1024 4.53565e+06 786 244 0.01 0.02
star 9 9 2.96787e+06 1024 2.96787e+06 751 219 0.01 0.02
star 10 0 1.76363e+08 2304 1.76363e+08 1520 460 0.03 0.08
star 10 1 2.85409e+06 2304 2.85409e+06 1145 310 0.04 0.05
star 10 2 5.81585e+06 2304 5.81585e+06 1555 441 0.03 0.08
star 10 3 9.34926e+06 2304 9.34926e+06 1509 436 0.04 0.07
star 10 4 2.83323e+06 2304 2.83323e+06 1828 468 0.03 0.08
star 10 5 6.47178e+06 2304 6.47178e+06 1348 420 0.04 0.07
star 10 6 4.92864e+06 2304 4.92864e+06 1442 438 0.03 0.08
star 10 7 4.11436e+06 2304 4.11436e+06 1716 464 0.04 0.11
star 10 8 1.30066e+09 2304 1.30066e+09 1866 495 0.04 0.09
star 10 9 8.25096e+06 2304 8.25096e+06 1375 418 0.03 0.07
star 11 0 2.65919e+06 5120 2.65919e+06 2956 767 0.08 0.21
star 11 1 1.73955e+07 5120 1.73955e+07 3056 709 0.08 0.22
star 11 2 1.05152e+07 5120 1.05152e+07 3375 819 0.08 0.24
star 11 3 1.1929e+07 5120 1.1929e+07 2674 699 0.08 0.19
star 11 4 6.48298e+06 5120 6.48298e+06 3799 921 0.08 0.28
star 11 5 2.61286e+06 5120 2.61286e+06 3961 927 0.08 0.27
star 11 6 2.57053e+06 5120 2.57053e+06 2627 750 0.08 0.20
star 11 7 4.37408e+06 5120 4.37408e+06 3314 871 0.08 0.25
star 11 8 3.3775e+06 5120 3.3775e+06 3466 898 0.08 0.25
star 11 9 5.975e+06 5120 5.975e+06 3146 812 0.08 0.22
star 12 0 8.27173e+06 11264 8.27173e+06 7184 1632 0.19 0.82
star 12 1 2.70125e+06 11264 2.70125e+06 6831 1505 0.18 0.71
star 12 2 7.03622e+06 11264 7.03622e+06 8090 1795 0.19 0.95
star 12 3 8.82106e+06 11264 8.82106e+06 6793 1665 0.18 0.81
star 12 4 1.78688e+06 11264 1.78688e+06 7303 1751 0.18 0.85
star 12 5 6.13242e+11 11264 6.13242e+11 9309 2028 0.18 1.04
star 12 6 1.17675e+07 11264 1.17675e+07 6671 1622 0.19 0.79
star 12 7 1.54698e+06 11264 1.54698e+06 8316 1769 0.18 0.97
star 12 8 9.27498e+06 11264 9.27498e+06 8534 1864 0.20 0.91
star 12 9 3.68601e+06 11264 3.68601e+06 7080 1548 0.18 0.71
star 13 0 5.89737e+06 24576 5.89737e+06 15047 3326 0.40 3.49
star 13 1 6.10662e+06 24576 6.10662e+06 18545 3624 0.46 4.45
star 13 2 5.11106e+06 24576 5.11106e+06 17148 3613 0.44 4.26
star 13 3 4.30442e+06 24576 4.30442e+06 13824 3149 0.42 3.00
star 13 4 1.64342e+07 24576 1.64342e+07 11075 2691 0.47 2.58
star 13 5 1.36443e+07 24576 1.36443e+07 16286 3642 0.42 3.47
star 13 6 6.42728e+06 24576 6.42728e+06 16728 3497 0.41 3.65
star 13 7 3.79792e+06 24576 3.79792e+06 15397 3385 0.41 3.12
star 13 8 5.71326e+06 24576 5.71326e+06 14017 3127 0.40 3.23
star 13 9 3.00424e+06 24576 3.00424e+06 17099 3622 0.48 4.22
star 14 0 1.03668e+07 53248 1.03668e+07 38956 7312 0.98 15.28
star 14 1 1.82085e+10 53248 1.82085e+10 31544 7707 0.89 16.15
star 14 2 6.52566e+06 53248 6.52566e+06 32120 6448 0.90 12.07
star 14 3 6.64824e+06 53248 6.64824e+06 35928 6994 0.90 16.72
star 14 4 4.24583e+06 53248 4.24583e+06 35518 6963 0.96 12.84
star 14 5 5.641e+06 53248 5.641e+06 36984 6905 0.86 13.30
star 14 6 6.95266e+11 53248 6.95266e+11 36844 7967 1.03 16.20
star 14 7 8.13837e+06 53248 8.13837e+06 27814 5973 0.89 10.23
star 14 8 7.72227e+06 53248 7.72227e+06 31438 6459 0.97 12.19
star 14 9 6.85799e+06 53248 6.85799e+06 43198 7439 0.89 15.00
star 15 0 1.76093e+08 114688 1.76093e+08 76216 13607 2.31 59.69
star 15 1 9.38683e+06 114688 9.38683e+06 67480 12414 2.78 50.61
star 15 2 1.22562e+07 114688 1.22562e+07 83742 14636 1.90 60.34
star 15 3 9.81814e+06 114688 9.81814e+06 77849 14033 1.94 55.23
star 15 4 1.09474e+07 114688 1.09474e+07 61881 12418 2.00 47.95
star 15 5 7.72708e+06 114688 7.72708e+06 71592 13271 2.02 52.35
star 15 6 1.28519e+07 114688 1.28519e+07 88076 14954 2.07 63.87
star 15 7 9.07976e+06 114688 9.07976e+06 76395 13684 2.21 53.65
star 15 8 7.74212e+06 114688 7.74212e+06 54650 11418 1.93 41.51
star 15 9 1.21999e+07 114688 1.21999e+07 76359 13132 1.97 46.03
star 16 0 6.91344e+06 245760 6.91344e+06 162124 28628 4.11 261.67
star 16 1 8.93304e+06 245760 8.93304e+06 124699 23225 4.52 171.65
star 16 2 1.63361e+07 245760 1.63361e+07 110424 22357 4.86 169.44
star 16 3 3.87941e+06 245760 3.87941e+06 188644 29289 4.27 264.06
star 16 4 8.36649e+06 245760 8.36649e+06 180713 28934 4.45 225.10
star 16 5 1.16391e+07 245760 1.16391e+07 117897 21727 4.38 147.54
star 16 6 7.00831e+06 245760 7.00831e+06 186579 29674 4.18 267.69
star 16 7 1.05111e+07 245760 1.05111e+07 171173 27758 4.45 215.88
star 16 8 4.66883e+06 245760 4.66883e+06 150030 27134 4.28 218.15
star 16 9 6.63536e+07 245760 6.63536e+07 139710 25856 4.46 220.30
chain 5 0 3.42568e+06 20 3.42568e+06 20 15 0.02 0.00
chain 5 1 8.86887e+06 20 8.86887e+06 20 15 0.01 0.00
chain 5 2 1.09642e+06 20 1.09642e+06 19 15 0.06 0.00
chain 5 3 5.70692e+06 20 5.70692e+06 18 14 0.00 0.00
chain 5 4 3.99468e+06 20 3.99468e+06 20 15 0.00 0.00
chain 5 5 5.37856e+06 20 5.37856e+06 19 14 0.00 0.00
chain 5 6 2.2208e+06 20 2.2208e+06 17 13 0.01 0.00
chain 5 7 3.74182e+06 20 3.74182e+06 20 15 0.00 0.00
chain 5 8 1.63482e+06 20 1.63482e+06 20 15 0.00 0.00
chain 5 9 2.89568e+06 20 2.89568e+06 20 15 0.00 0.00
chain 6 0 4.67202e+07 35 4.67202e+07 32 21 0.00 0.00
chain 6 1 5.34623e+06 35 5.34623e+06 31 20 0.00 0.00
chain 6 2 210122 35 210122 35 21 0.00 0.00
chain 6 3 5.47417e+06 35 5.47417e+06 26 17 0.00 0.00
chain 6 4 1.90028e+06 35 1.90028e+06 26 17 0.00 0.00
chain 6 5 4.10304e+06 35 4.10304e+06 32 21 0.00 0.00
chain 6 6 8.03356e+06 35 8.03356e+06 32 19 0.01 0.00
chain 6 7 1.89882e+06 35 1.89882e+06 35 21 0.00 0.00
chain 6 8 3.08677e+06 35 3.08677e+06 35 21 0.00 0.00
chain 6 9 2.63964e+07 35 2.63964e+07 33 20 0.00 0.00
chain 7 0 6.29544e+06 56 6.29544e+06 47 25 0.00 0.00
chain 7 1 3.15818e+06 56 3.15818e+06 44 24 0.00 0.00
chain 7 2 6.86493e+06 56 6.86493e+06 48 26 0.00 0.00
chain 7 3 2.04717e+06 56 2.04717e+06 53 28 0.00 0.00
chain 7 4 3.07517e+06 56 3.07517e+06 39 23 0.00 0.00
chain 7 5 1.28963e+06 56 1.28963e+06 41 23 0.00 0.00
chain 7 6 3.86979e+07 56 3.86979e+07 54 27 0.00 0.00
chain 7 7 4.03369e+06 56 4.03369e+06 38 21 0.00 0.00
chain 7 8 8.41342e+06 56 8.41342e+06 38 23 0.00 0.00
chain 7 9 7.35323e+06 56 7.35323e+06 50 26 0.00 0.00
chain 8 0 1.21951e+06 84 1.21951e+06 77 35 0.00 0.00
chain 8 1 4.71825e+06 84 4.71825e+06 66 31 0.00 0.00
chain 8 2 1.76151e+06 84 1.76151e+06 80 36 0.00 0.00
chain 8 3 1.06864e+07 84 1.06864e+07 69 31 0.00 0.00
chain 8 4 6.94202e+06 84 6.94202e+06 76 35 0.00 0.00
chain 8 5 1.44763e+07 84 1.44763e+07 76 35 0.00 0.00
chain 8 6 7.02379e+06 84 7.02379e+06 63 30 0.00 0.00
chain 8 7 4.19468e+06 84 4.19468e+06 54 28 0.00 0.00
chain 8 8 8.71453e+06 84 8.71453e+06 74 33 0.00 0.00
chain 8 9 3.56758e+06 84 3.56758e+06 65 33 0.00 0.00
chain 9 0 3.40261e+06 120 3.40261e+06 88 42 0.00 0.00
chain 9 1 2.85947e+07 120 2.85947e+07 92 40 0.00 0.00
chain 9 2 4.04076e+06 120 4.04076e+06 114 44 0.00 0.00
chain 9 3 1.19254e+07 120 1.19254e+07 112 42 0.00 0.00
chain 9 4 7.2067e+06 120 7.2067e+06 108 43 0.00 0.00
chain 9 5 6.52266e+06 120 6.52266e+06 102 44 0.00 0.00
chain 9 6 3.0813e+06 120 3.0813e+06 91 41 0.00 0.00
chain 9 7 1.73388e+07 120 1.73388e+07 109 41 0.00 0.00
chain 9 8 7.68324e+06 120 7.68324e+06 100 42 0.00 0.00
chain 9 9 3.17532e+07 120 3.17532e+07 110 42 0.00 0.00
chain 10 0 5.93788e+07 165 5.93788e+07 151 54 0.00 0.00
chain 10 1 3.53516e+07 165 3.53516e+07 129 53 0.00 0.00
chain 10 2 4.41196e+07 165 4.41196e+07 146 54 0.00 0.00
chain 10 3 1.36506e+07 165 1.36506e+07 128 47 0.00 0.00
chain 10 4 9.84384e+06 165 9.84384e+06 111 43 0.00 0.00
chain 10 5 5.18469e+06 165 5.18469e+06 135 55 0.00 0.00
chain 10 6 1.42271e+07 165 1.42271e+07 148 55 0.00 0.00
chain 10 7 5.84428e+06 165 5.84428e+06 143 52 0.00 0.00
chain 10 8 5.6562e+06 165 5.6562e+06 155 55 0.00 0.00
chain 10 9 9.56689e+06 165 9.56689e+06 155 55 0.00 0.00
chain 11 0 1.14225e+07 220 1.14225e+07 141 57 0.00 0.00
chain 11 1 3.54067e+07 220 3.54067e+07 202 66 0.00 0.00
chain 11 2 1.30157e+07 220 1.30157e+07 120 48 0.00 0.00
chain 11 3 1.74338e+06 220 1.74338e+06 208 66 0.00 0.00
chain 11 4 8.72192e+06 220 8.72192e+06 178 66 0.00 0.00
chain 11 5 5.69327e+06 220 5.69327e+06 177 62 0.00 0.00
chain 11 6 2.53912e+06 220 2.53912e+06 179 61 0.00 0.00
chain 11 7 8.84603e+06 220 8.84603e+06 180 63 0.00 0.00
chain 11 8 2.86174e+06 220 2.86174e+06 127 54 0.00 0.00
chain 11 9 4.93008e+06 220 4.93008e+06 185 65 0.00 0.00
chain 12 0 2.23697e+06 286 2.23697e+06 218 72 0.00 0.01
chain 12 1 4.70619e+06 286 4.70619e+06 217 75 0.00 0.00
chain 12 2 9.04045e+06 286 9.04045e+06 198 66 0.00 0.00
chain 12 3 6.82026e+06 286 6.82026e+06 246 76 0.00 0.01
chain 12 4 2.42281e+06 286 2.42281e+06 230 70 0.00 0.00
chain 12 5 6.28897e+06 286 6.28897e+06 223 74 0.00 0.00
chain 12 6 7.7332e+06 286 7.7332e+06 214 70 0.00 0.00
chain 12 7 1.19498e+07 286 1.19498e+07 182 63 0.00 0.00
chain 12 8 1.28516e+07 286 1.28516e+07 209 67 0.00 0.01
chain 12 9 4.33414e+06 286 4.33414e+06 165 61 0.00 0.00
chain 13 0 1.05927e+07 364 1.05927e+07 310 87 0.01 0.03
chain 13 1 3.18112e+07 364 3.18112e+07 216 70 0.00 0.01
chain 13 2 7.31167e+06 364 7.31167e+06 238 71 0.00 0.00
chain 13 3 1.28246e+07 364 1.28246e+07 252 84 0.00 0.01
chain 13 4 1.47726e+07 364 1.47726e+07 273 81 0.00 0.01
chain 13 5 5.20865e+06 364 5.20865e+06 180 66 0.01 0.00
chain 13 6 1.51589e+07 364 1.51589e+07 200 66 0.00 0.00
chain 13 7 1.23611e+07 364 1.23611e+07 245 80 0.00 0.01
chain 13 8 8.41709e+06 364 8.41709e+06 318 86 0.00 0.01
chain 13 9 6.46432e+06 364 6.46432e+06 292 86 0.00 0.01
chain 14 0 1.91318e+09 455 1.91318e+09 378 103 0.01 0.01
chain 14 1 4.88787e+09 455 4.88787e+09 400 104 0.01 0.01
chain 14 2 1.12485e+07 455 1.12485e+07 318 85 0.01 0.01
chain 14 3 3.08657e+07 455 3.08657e+07 354 102 0.01 0.01
chain 14 4 1.27025e+07 455 1.27025e+07 314 85 0.01 0.01
chain 14 5 5.26226e+06 455 5.26226e+06 415 105 0.01 0.01
chain 14 6 1.85611e+07 455 1.85611e+07 286 85 0.01 0.01
chain 14 7 2.3738e+07 455 2.3738e+07 228 73 0.00 0.00
chain 14 8 1.11741e+07 455 1.11741e+07 234 80 0.01 0.01
chain 14 9 1.11639e+08 455 1.11639e+08 378 102 0.01 0.01
chain 15 0 6.92126e+06 560 6.92126e+06 306 92 0.02 0.01
chain 15 1 1.17167e+07 560 1.17167e+07 375 105 0.01 0.02
chain 15 2 3.56723e+06 560 3.56723e+06 386 101 0.02 0.01
chain 15 3 5.31239e+07 560 5.31239e+07 392 103 0.01 0.01
chain 15 4 4.88591e+06 560 4.88591e+06 346 95 0.01 0.01
chain 15 5 1.67994e+07 560 1.67994e+07 374 101 0.02 0.01
chain 15 6 1.78241e+07 560 1.78241e+07 484 112 0.02 0.01
chain 15 7 2.11532e+07 560 2.11532e+07 390 114 0.01 0.01
chain 15 8 7.8332e+10 560 7.8332e+10 501 120 0.01 0.01
chain 15 9 9.41759e+06 560 9.41759e+06 413 111 0.01 0.01
chain 16 0 6.80605e+06 680 6.80605e+06 340 96 0.01 0.01
chain 16 1 7.2048e+06 680 7.2048e+06 454 120 0.01 0.01
chain 16 2 1.65843e+07 680 1.65843e+07 508 124 0.01 0.01
chain 16 3 7.82473e+06 680 7.82473e+06 495 115 0.01 0.01
chain 16 4 1.14348e+07 680 1.14348e+07 308 89 0.01 0.01
chain 16 5 8.25099e+06 680 8.25099e+06 281 89 0.01 0.01
chain 16 6 4.66693e+07 680 4.66693e+07 481 126 0.01 0.02
chain 16 7 5.17635e+06 680 5.17635e+06 454 114 0.01 0.01
chain 16 8 1.42017e+15 680 1.42017e+15 587 136 0.01 0.02
chain 16 9 1.41667e+07 680 1.41667e+07 511 127 0.01 0.02
clique 5 0 1.35047e+08 90 1.35047e+08 76 25 0.03 0.00
clique 5 1 2.15139e+12 90 2.15139e+12 89 30 0.02 0.00
clique 5 2 1.24873e+08 90 1.24873e+08 87 28 0.00 0.00
clique 5 3 4.39882e+08 90 4.39882e+08 76 25 0.00 0.00
clique 5 4 1.23581e+08 90 1.23581e+08 75 24 0.00 0.00
clique 5 5 1.49277e+08 90 1.49277e+08 81 26 0.00 0.00
clique 5 6 3.50824e+07 90 3.50824e+07 76 25 0.02 0.00
clique 5 7 3.1734e+07 90 3.1734e+07 72 23 0.00 0.00
clique 5 8 9.98207e+09 90 9.98207e+09 83 28 0.00 0.00
clique 5 9 2.12701e+08 90 2.12701e+08 84 27 0.00 0.00
clique 6 0 1.07645e+09 301 1.07645e+09 200 40 0.00 0.00
clique 6 1 1.32407e+08 301 1.32407e+08 215 41 0.00 0.00
clique 6 2 3.83339e+06 301 3.83339e+06 177 37 0.03 0.00
clique 6 3 1.72074e+07 301 1.72074e+07 189 38 0.00 0.00
clique 6 4 7.06562e+08 301 7.06562e+08 208 40 0.00 0.00
clique 6 5 1.5783e+10 301 1.5783e+10 254 46 0.00 0.00
clique 6 6 1.85124e+08 301 1.85124e+08 202 39 0.00 0.00
clique 6 7 2.69491e+09 301 2.69491e+09 232 46 0.00 0.00
clique 6 8 9.95809e+07 301 9.95809e+07 205 40 0.00 0.00
clique 6 9 1.92399e+06 301 1.92399e+06 183 37 0.00 0.00
clique 7 0 2.14971e+07 966 2.14971e+07 611 75 0.02 0.01
clique 7 1 1.35088e+09 966 1.35088e+09 644 72 0.02 0.01
clique 7 2 1.71423e+11 966 1.71423e+11 729 80 0.02 0.02
clique 7 3 1.94948e+11 966 1.94948e+11 776 86 0.01 0.02
clique 7 4 2.30352e+10 966 2.30352e+10 687 80 0.01 0.01
clique 7 5 2.42131e+09 966 2.42131e+09 829 92 0.01 0.02
clique 7 6 8.29149e+10 966 8.29149e+10 667 75 0.01 0.01
clique 7 7 8.02278e+08 966 8.02278e+08 707 80 0.01 0.01
clique 7 8 1.16928e+09 966 1.16928e+09 650 73 0.02 0.01
clique 7 9 4.77324e+10 966 4.77324e+10 775 87 0.02 0.02
clique 8 0 7.97715e+09 3025 7.97715e+09 1695 119 0.06 0.05
clique 8 1 4.67174e+07 3025 4.67174e+07 769 73 0.06 0.02
clique 8 2 6.01224e+13 3025 6.01224e+13 2497 170 0.05 0.06
clique 8 3 2.73324e+07 3025 2.73324e+07 1025 83 0.05 0.02
clique 8 4 2.5078e+12 3025 2.5078e+12 2184 149 0.05 0.06
clique 8 5 1.90388e+06 3025 1.90388e+06 742 72 0.05 0.01
clique 8 6 7.73223e+06 3025 7.73223e+06 1471 169 0.05 0.04
clique 8 7 1.2528e+12 3025 1.2528e+12 2028 140 0.05 0.05
clique 8 8 1.02144e+11 3025 1.02144e+11 1924 130 0.08 0.05
clique 8 9 2.08854e+10 3025 2.08854e+10 1266 99 0.05 0.03
clique 9 0 1.28334e+13 9330 1.28334e+13 5782 242 0.18 0.17
clique 9 1 2.33719e+07 9330 2.33719e+07 1755 135 0.18 0.05
clique 9 2 5.95553e+09 9330 5.95553e+09 3202 159 0.19 0.11
clique 9 3 1.5412e+07 9330 1.5412e+07 1626 124 0.18 0.04
clique 9 4 1.95207e+09 9330 1.95207e+09 2318 128 0.18 0.06
clique 9 5 1.4611e+11 9330 1.4611e+11 3560 153 0.19 0.10
clique 9 6 8.88913e+07 9330 8.88913e+07 2068 121 0.21 0.06
clique 9 7 8.5796e+06 9330 8.5796e+06 2079 156 0.18 0.06
clique 9 8 1.4632e+08 9330 1.4632e+08 1440 99 0.18 0.04
clique 9 9 5.0509e+10 9330 5.0509e+10 5444 229 0.18 0.18
clique 10 0 9.27274e+09 28501 9.27274e+09 5341 181 0.67 0.19
clique 10 1 3.07614e+07 28501 3.07614e+07 3104 167 0.73 0.12
clique 10 2 2.0753e+07 28501 2.0753e+07 2529 193 0.64 0.12
clique 10 3 1.04394e+07 28501 1.04394e+07 2938 205 1.06 0.17
clique 10 4 1.92698e+07 28501 1.92698e+07 3807 291 0.76 0.15
clique 10 5 4.40681e+06 28501 4.40681e+06 3820 303 0.66 0.15
clique 10 6 1.81557e+07 28501 1.81557e+07 4057 339 0.93 0.24
clique 10 7 5.05367e+06 28501 5.05367e+06 3684 315 0.78 0.13
clique 10 8 2.06128e+11 28501 2.06128e+11 7265 220 0.62 0.24
clique 10 9 4.95865e+07 28501 4.95865e+07 2455 153 1.00 0.17
clique 11 0 1.01354e+07 86526 1.01354e+07 13987 964 2.08 0.61
clique 11 1 3.37157e+07 86526 3.37157e+07 4557 317 1.83 0.17
clique 11 2 8.03484e+06 86526 8.03484e+06 7377 550 1.91 0.29
clique 11 3 2.63239e+07 86526 2.63239e+07 11241 743 1.81 0.46
clique 11 4 1.6775e+07 86526 1.6775e+07 6182 470 2.44 0.23
clique 11 5 2.4217e+07 86526 2.4217e+07 13706 941 1.94 0.63
clique 11 6 9.89259e+06 86526 9.89259e+06 7127 482 1.88 0.25
clique 11 7 3.67783e+06 86526 3.67783e+06 9282 698 1.89 0.40
clique 11 8 1.93705e+07 86526 1.93705e+07 13618 967 1.92 0.95
clique 11 9 3.55652e+07 86526 3.55652e+07 4041 277 2.51 0.24
clique 12 0 3.5875e+07 261625 3.5875e+07 11969 840 7.98 0.53
clique 12 1 2.03983e+07 261625 2.03983e+07 18260 1140 6.43 0.91
clique 12 2 2.90152e+07 261625 2.90152e+07 23506 1595 6.59 1.43
clique 12 3 3.83831e+07 261625 3.83831e+07 13379 920 8.11 0.77
clique 12 4 1.08551e+07 261625 1.08551e+07 37019 2042 7.44 2.26
clique 12 5 1.85049e+07 261625 1.85049e+07 29774 1868 7.60 1.80
clique 12 6 1.69212e+07 261625 1.69212e+07 19205 1172 6.67 0.97
clique 12 7 1.5038e+07 261625 1.5038e+07 25617 1545 8.33 1.83
clique 12 8 2.04001e+07 261625 2.04001e+07 37412 2075 6.42 1.99
clique 12 9 1.12083e+08 261625 1.12083e+08 7681 502 6.97 0.47
clique 13 0 6.13967e+06 788970 6.13967e+06 90692 4066 22.88 7.60
clique 13 1 3.17915e+07 788970 3.17915e+07 48265 2966 21.37 4.64
clique 13 2 1.556e+07 788970 1.556e+07 61500 3395 24.56 4.81
clique 13 3 2.97542e+07 788970 2.97542e+07 42959 2511 21.56 3.26
clique 13 4 3.24752e+07 788970 3.24752e+07 26537 1427 21.03 1.85
clique 13 5 4.38066e+07 788970 4.38066e+07 71013 3723 22.39 5.60
clique 13 6 1.09117e+07 788970 1.09117e+07 47783 2915 22.68 4.30
clique 13 7 3.53908e+07 788970 3.53908e+07 69974 3510 20.58 5.10
clique 13 8 2.07527e+07 788970 2.07527e+07 25371 1348 22.66 1.29
clique 13 9 1.25201e+07 788970 1.25201e+07 89995 4064 21.34 7.76
clique 14 0 1.65583e+07 2375101 1.65583e+07 272912 8802 71.44 30.73
clique 14 1 1.49885e+07 2375101 1.49885e+07 178978 7959 64.27 22.57
clique 14 2 3.4991e+07 2375101 3.4991e+07 128956 5975 64.14 12.68
clique 14 3 2.33023e+06 2375101 2.33023e+06 197020 8088 65.75 23.27
clique 14 4 5.02859e+07 2375101 5.02859e+07 136701 6810 63.18 17.20
clique 14 5 3.37617e+07 2375101 3.37617e+07 105958 5387 64.60 10.96
clique 14 6 1.84609e+07 2375101 1.84609e+07 160703 7444 62.82 18.67
clique 14 7 3.46355e+07 2375101 3.46355e+07 149166 7055 64.77 17.89
clique 14 8 1.19158e+07 2375101 1.19158e+07 102913 5085 62.57 10.09
clique 14 9 4.43849e+07 2375101 4.43849e+07 230977 8191 64.86 25.91
clique 15 0 5.60494e+07 7141686 5.60494e+07 171776 7475 206.85 25.78
clique 15 1 2.97867e+07 7141686 2.97867e+07 357915 14125 212.49 67.06
clique 15 2 2.42266e+07 7141686 2.42266e+07 483910 16306 214.76 89.79
clique 15 3 1.72557e+07 7141686 1.72557e+07 340867 14791 217.96 75.76
clique 15 4 4.89664e+07 7141686 4.89664e+07 283402 11565 221.02 49.44
clique 15 5 1.28095e+07 7141686 1.28095e+07 383457 15659 230.20 81.08
clique 15 6 3.65858e+07 7141686 3.65858e+07 379748 15704 228.07 79.85
clique 15 7 1.24175e+07 7141686 1.24175e+07 460614 16140 227.68 91.26
clique 15 8 3.38113e+07 7141686 3.38113e+07 369450 14673 233.24 80.93
clique 15 9 2.24729e+07 7141686 2.24729e+07 909510 20508 227.89 156.09
clique 16 0 5.33304e+07 10000001 5.31162e+07 801420 29911 342.22 305.12
clique 16 1 7.37711e+07 10000001 7.37711e+07 343086 13988 347.52 66.92
clique 16 2 2.94822e+07 10000001 2.94822e+07 697542 23289 344.91 212.84
clique 16 3 3.59534e+07 10000001 3.59534e+07 1214816 32840 337.22 364.19
clique 16 4 5.33259e+07 10000001 5.33132e+07 934040 31479 328.12 328.39
clique 16 5 3.91742e+07 10000001 3.91742e+07 681329 22258 331.70 173.98
clique 16 6 1.78617e+07 10000001 1.78617e+07 1034898 32725 317.21 342.96
clique 16 7 4.98395e+07 10000001 4.98395e+07 921045 32231 321.01 321.91
clique 16 8 3.02041e+07 10000001 3.02041e+07 858273 31574 335.06 326.59
clique 16 9 3.51885e+07 10000001 3.51885e+07 558092 19087 336.09 142.42